# Created by Octave 3.8.0, Sat Feb 14 20:58:56 2015 CST <leslie@bogon>
# name: v
# type: matrix
# rows: 10
# columns: 1
 3999
 3299
 3690
 2320
 5399
 2999
 3149
 1989
 2120
 2425


