# Created by Octave 3.8.0, Sat Feb 14 22:38:24 2015 CST <leslie@bogon>
# name: A
# type: matrix
# rows: 5
# columns: 5
 17 24 1 8 15
 23 5 7 14 16
 4 6 13 20 22
 10 12 19 21 3
 11 18 25 2 9


# name: B
# type: matrix
# rows: 3
# columns: 2
 11 12
 13 14
 15 16


# name: C
# type: matrix
# rows: 2
# columns: 2
 1 1
 2 2


# name: a
# type: matrix
# rows: 1
# columns: 4
 1 15 2 0.5


# name: ans
# type: sq_string
# elements: 1
# length: 30
/Users/leslie/Developer/Octave


# name: c
# type: lazy_index
# name: index_value
# type: matrix
# rows: 3
# columns: 1
 1
 2
 3




# name: i
# type: scalar
6


# name: ind
# type: scalar
2


# name: indices
# type: range
# base, limit, increment
1 10 1


# name: n
# type: scalar
25


# name: r
# type: lazy_index
# name: index_value
# type: matrix
# rows: 3
# columns: 1
 1
 3
 2




# name: t
# type: matrix
# rows: 1
# columns: 201
 0 0.01 0.02 0.03 0.04 0.05 0.06 0.07000000000000001 0.08 0.09 0.1 0.11 0.12 0.13 0.14 0.15 0.16 0.17 0.18 0.19 0.2 0.21 0.22 0.23 0.24 0.25 0.26 0.27 0.28 0.29 0.3 0.31 0.32 0.33 0.34 0.35 0.36 0.37 0.38 0.39 0.4 0.41 0.42 0.43 0.44 0.45 0.46 0.47 0.48 0.49 0.5 0.51 0.52 0.53 0.54 0.55 0.5600000000000001 0.5700000000000001 0.58 0.59 0.6 0.61 0.62 0.63 0.64 0.65 0.66 0.67 0.68 0.6900000000000001 0.7000000000000001 0.71 0.72 0.73 0.74 0.75 0.76 0.77 0.78 0.79 0.8 0.8100000000000001 0.8200000000000001 0.8300000000000001 0.84 0.85 0.86 0.87 0.88 0.89 0.9 0.91 0.92 0.93 0.9400000000000001 0.9500000000000001 0.96 0.97 0.98 0.99 1 1.01 1.02 1.03 1.04 1.05 1.06 1.07 1.08 1.09 1.1 1.11 1.12 1.13 1.14 1.15 1.16 1.17 1.18 1.19 1.2 1.21 1.22 1.23 1.24 1.25 1.26 1.27 1.28 1.29 1.3 1.31 1.32 1.33 1.34 1.35 1.36 1.37 1.38 1.39 1.4 1.41 1.42 1.43 1.44 1.45 1.46 1.47 1.48 1.49 1.5 1.51 1.52 1.53 1.54 1.55 1.56 1.57 1.58 1.59 1.6 1.61 1.62 1.63 1.64 1.65 1.66 1.67 1.68 1.69 1.7 1.71 1.72 1.73 1.74 1.75 1.76 1.77 1.78 1.79 1.8 1.81 1.82 1.83 1.84 1.85 1.86 1.87 1.88 1.89 1.9 1.91 1.92 1.93 1.94 1.95 1.96 1.97 1.98 1.99 2


# name: v
# type: matrix
# rows: 10
# columns: 1
 2
 999
 999
 999
 999
 64
 128
 256
 512
 1024


# name: val
# type: scalar
15


# name: y1
# type: matrix
# rows: 1
# columns: 201
 0 0.2486898871648548 0.4817536741017153 0.6845471059286886 0.8443279255020151 0.9510565162951535 0.9980267284282716 0.9822872507286886 0.9048270524660195 0.7705132427757893 0.5877852522924732 0.3681245526846781 0.1253332335643045 -0.1253332335643043 -0.3681245526846784 -0.587785252292473 -0.7705132427757894 -0.9048270524660198 -0.9822872507286887 -0.9980267284282716 -0.9510565162951536 -0.8443279255020155 -0.6845471059286889 -0.4817536741017153 -0.2486898871648553 -2.449293598294706e-16 0.2486898871648549 0.4817536741017157 0.6845471059286893 0.8443279255020147 0.9510565162951534 0.9980267284282716 0.9822872507286886 0.9048270524660192 0.7705132427757886 0.5877852522924734 0.368124552684678 0.1253332335643039 -0.1253332335643032 -0.3681245526846773 -0.5877852522924728 -0.7705132427757891 -0.9048270524660189 -0.9822872507286885 -0.9980267284282716 -0.9510565162951538 -0.8443279255020152 -0.6845471059286885 -0.4817536741017163 -0.2486898871648556 -4.898587196589413e-16 0.2486898871648546 0.4817536741017155 0.6845471059286891 0.8443279255020155 0.951056516295154 0.9980267284282717 0.9822872507286886 0.90482705246602 0.7705132427757898 0.5877852522924737 0.3681245526846782 0.1253332335643041 -0.1253332335643029 -0.3681245526846787 -0.5877852522924726 -0.7705132427757901 -0.9048270524660196 -0.9822872507286891 -0.9980267284282716 -0.9510565162951538 -0.8443279255020162 -0.6845471059286887 -0.4817536741017165 -0.2486898871648541 -7.347880794884119e-16 0.2486898871648527 0.4817536741017152 0.6845471059286876 0.8443279255020154 0.9510565162951533 0.9980267284282717 0.9822872507286887 0.9048270524660187 0.770513242775791 0.5877852522924738 0.36812455268468 0.1253332335643044 -0.1253332335643027 -0.3681245526846785 -0.5877852522924724 -0.77051324277579 -0.9048270524660195 -0.9822872507286891 -0.9980267284282716 -0.9510565162951539 -0.8443279255020163 -0.6845471059286888 -0.4817536741017168 -0.2486898871648544 -9.797174393178826e-16 0.2486898871648524 0.481753674101715 0.6845471059286874 0.8443279255020153 0.9510565162951532 0.9980267284282717 0.9822872507286887 0.9048270524660188 0.770513242775789 0.5877852522924711 0.368124552684677 0.1253332335643011 -0.125333233564306 -0.3681245526846783 -0.5877852522924751 -0.7705132427757877 -0.9048270524660178 -0.9822872507286883 -0.9980267284282718 -0.951056516295154 -0.8443279255020164 -0.6845471059286891 -0.4817536741017169 -0.2486898871648546 -1.224646799147353e-15 0.2486898871648522 0.4817536741017148 0.6845471059286898 0.8443279255020152 0.9510565162951532 0.9980267284282713 0.9822872507286882 0.9048270524660189 0.7705132427757891 0.5877852522924741 0.3681245526846739 0.1253332335643014 -0.1253332335643057 -0.368124552684678 -0.587785252292472 -0.7705132427757875 -0.9048270524660177 -0.9822872507286876 -0.9980267284282716 -0.951056516295154 -0.8443279255020166 -0.6845471059286918 -0.481753674101714 -0.2486898871648548 -1.469576158976824e-15 0.248689887164852 0.4817536741017115 0.6845471059286896 0.8443279255020151 0.9510565162951531 0.9980267284282713 0.9822872507286882 0.904827052466019 0.7705132427757894 0.5877852522924744 0.3681245526846741 0.1253332335643016 -0.1253332335643055 -0.3681245526846778 -0.5877852522924718 -0.7705132427757918 -0.9048270524660176 -0.9822872507286876 -0.9980267284282716 -0.9510565162951541 -0.8443279255020167 -0.6845471059286919 -0.4817536741017142 -0.2486898871648551 -1.714505518806294e-15 0.2486898871648517 0.4817536741017113 0.6845471059286895 0.8443279255020149 0.951056516295153 0.9980267284282713 0.9822872507286882 0.9048270524660191 0.7705132427757895 0.5877852522924747 0.3681245526846744 0.1253332335643018 -0.1253332335643052 -0.3681245526846776 -0.5877852522924716 -0.7705132427757917 -0.9048270524660176 -0.9822872507286875 -0.9980267284282716 -0.9510565162951542 -0.8443279255020169 -0.6845471059286922 -0.4817536741017145 -0.2486898871648553 -1.959434878635765e-15


